12:55:00 PM [express] POST /api/projects/workflow 200 in 608ms :: {"success":true,"project":{"id":20,…
12:55:02 PM [express] GET /api/projects/20/workflow 304 in 221ms :: {"projectId":20,"currentStep":"pr…
12:55:02 PM [express] GET /api/projects/20 200 in 132ms :: {"id":20,"userId":1,"title":"The Matrix","…
12:55:02 PM [express] GET /api/projects/20/scenes 304 in 148ms :: [{"id":3752,"projectId":20,"sceneNu…
12:55:02 PM [express] GET /api/projects/20/characters 304 in 97ms :: [{"id":97,"projectId":20,"name":…
12:55:03 PM [express] GET /api/projects/20/casting 304 in 92ms :: []
12:55:03 PM [express] GET /api/projects/20/casting/analysis 304 in 147ms :: {"scriptTitle":"The Matri…
12:55:03 PM [express] GET /api/projects/20/scene-breakdown 304 in 123ms :: {"success":true,"projectId…
No matching scene found for sceneId: 3752
Available scene IDs: 3752, 3753, 3754, 3755, 3756, 3757, 3758, 3759, 3760, 3761, 3762, 3763, 3764, 3765, 3766, 3767, 3768, 3769, 3770, 3771, 3838, 3772, 3775, 3778, 3781, 3784, 3787, 3790, 3793, 3796, 3799, 3802, 3805, 3808, 3811, 3814, 3817, 3820, 3823, 3826, 3829, 3832, 3835, 3773, 3776, 3779, 3782, 3785, 3788, 3791, 3794, 3797, 3800, 3803, 3806, 3809, 3812, 3815, 3818, 3821, 3824, 3827, 3830, 3833, 3836, 3839, 3842, 3845, 3774, 3777, 3780, 3783, 3786, 3789, 3792, 3795, 3798, 3801, 3804, 3807, 3810, 3813, 3816, 3819, 3822, 3825, 3828, 3831, 3834, 3837, 3840, 3843, 3846, 3841, 3844, 3847, 3850, 3853, 3855, 3859, 3861, 3865, 3868, 3871, 3873, 3877, 3880, 3883, 3885, 3889, 3891, 3894, 3897, 3901, 3848, 3851, 3854, 3857, 3860, 3863, 3866, 3869, 3872, 3875, 3878, 3881, 3884, 3887, 3890, 3893, 3896, 3899, 3902, 3905, 3908, 3849, 3852, 3856, 3858, 3862, 3864, 3867, 3870, 3874, 3876, 3879, 3882, 3886, 3888, 3892, 3895, 3898, 3900, 3903, 3904, 3907, 3910, 3913, 3916, 3919, 3924, 3933, 3942, 3950, 3962, 3906, 3909, 3912, 3915, 3918, 3925, 3932, 3940, 3951, 3963, 3970, 3911, 3914, 3917, 3920, 3921, 3922, 3923, 3926, 3927, 3928, 3929, 3930, 3931, 3934, 3935, 3936, 3937, 3938, 3939, 3941, 3952, 3960, 3943, 3954, 3964, 3944, 3953, 3961, 3945, 3955, 3965, 3946, 3956, 3966, 3947, 3957, 3969, 3948, 3958, 3967, 3949, 3959, 3968
No matching scene found for sceneId: 3755
Available scene IDs: 3752, 3753, 3754, 3755, 3756, 3757, 3758, 3759, 3760, 3761, 3762, 3763, 3764, 3765, 3766, 3767, 3768, 3769, 3770, 3771, 3838, 3772, 3775, 3778, 3781, 3784, 3787, 3790, 3793, 3796, 3799, 3802, 3805, 3808, 3811, 3814, 3817, 3820, 3823, 3826, 3829, 3832, 3835, 3773, 3776, 3779, 3782, 3785, 3788, 3791, 3794, 3797, 3800, 3803, 3806, 3809, 3812, 3815, 3818, 3821, 3824, 3827, 3830, 3833, 3836, 3839, 3842, 3845, 3774, 3777, 3780, 3783, 3786, 3789, 3792, 3795, 3798, 3801, 3804, 3807, 3810, 3813, 3816, 3819, 3822, 3825, 3828, 3831, 3834, 3837, 3840, 3843, 3846, 3841, 3844, 3847, 3850, 3853, 3855, 3859, 3861, 3865, 3868, 3871, 3873, 3877, 3880, 3883, 3885, 3889, 3891, 3894, 3897, 3901, 3848, 3851, 3854, 3857, 3860, 3863, 3866, 3869, 3872, 3875, 3878, 3881, 3884, 3887, 3890, 3893, 3896, 3899, 3902, 3905, 3908, 3849, 3852, 3856, 3858, 3862, 3864, 3867, 3870, 3874, 3876, 3879, 3882, 3886, 3888, 3892, 3895, 3898, 3900, 3903, 3904, 3907, 3910, 3913, 3916, 3919, 3924, 3933, 3942, 3950, 3962, 3906, 3909, 3912, 3915, 3918, 3925, 3932, 3940, 3951, 3963, 3970, 3911, 3914, 3917, 3920, 3921, 3922, 3923, 3926, 3927, 3928, 3929, 3930, 3931, 3934, 3935, 3936, 3937, 3938, 3939, 3941, 3952, 3960, 3943, 3954, 3964, 3944, 3953, 3961, 3945, 3955, 3965, 3946, 3956, 3966, 3947, 3957, 3969, 3948, 3958, 3967, 3949, 3959, 3968
No matching scene found for sceneId: 3759
Available scene IDs: 3752, 3753, 3754, 3755, 3756, 3757, 3758, 3759, 3760, 3761, 3762, 3763, 3764, 3765, 3766, 3767, 3768, 3769, 3770, 3771, 3838, 3772, 3775, 3778, 3781, 3784, 3787, 3790, 3793, 3796, 3799, 3802, 3805, 3808, 3811, 3814, 3817, 3820, 3823, 3826, 3829, 3832, 3835, 3773, 3776, 3779, 3782, 3785, 3788, 3791, 3794, 3797, 3800, 3803, 3806, 3809, 3812, 3815, 3818, 3821, 3824, 3827, 3830, 3833, 3836, 3839, 3842, 3845, 3774, 3777, 3780, 3783, 3786, 3789, 3792, 3795, 3798, 3801, 3804, 3807, 3810, 3813, 3816, 3819, 3822, 3825, 3828, 3831, 3834, 3837, 3840, 3843, 3846, 3841, 3844, 3847, 3850, 3853, 3855, 3859, 3861, 3865, 3868, 3871, 3873, 3877, 3880, 3883, 3885, 3889, 3891, 3894, 3897, 3901, 3848, 3851, 3854, 3857, 3860, 3863, 3866, 3869, 3872, 3875, 3878, 3881, 3884, 3887, 3890, 3893, 3896, 3899, 3902, 3905, 3908, 3849, 3852, 3856, 3858, 3862, 3864, 3867, 3870, 3874, 3876, 3879, 3882, 3886, 3888, 3892, 3895, 3898, 3900, 3903, 3904, 3907, 3910, 3913, 3916, 3919, 3924, 3933, 3942, 3950, 3962, 3906, 3909, 3912, 3915, 3918, 3925, 3932, 3940, 3951, 3963, 3970, 3911, 3914, 3917, 3920, 3921, 3922, 3923, 3926, 3927, 3928, 3929, 3930, 3931, 3934, 3935, 3936, 3937, 3938, 3939, 3941, 3952, 3960, 3943, 3954, 3964, 3944, 3953, 3961, 3945, 3955, 3965, 3946, 3956, 3966, 3947, 3957, 3969, 3948, 3958, 3967, 3949, 3959, 3968
No matching scene found for sceneId: 3765
Available scene IDs: 3752, 3753, 3754, 3755, 3756, 3757, 3758, 3759, 3760, 3761, 3762, 3763, 3764, 3765, 3766, 3767, 3768, 3769, 3770, 3771, 3838, 3772, 3775, 3778, 3781, 3784, 3787, 3790, 3793, 3796, 3799, 3802, 3805, 3808, 3811, 3814, 3817, 3820, 3823, 3826, 3829, 3832, 3835, 3773, 3776, 3779, 3782, 3785, 3788, 3791, 3794, 3797, 3800, 3803, 3806, 3809, 3812, 3815, 3818, 3821, 3824, 3827, 3830, 3833, 3836, 3839, 3842, 3845, 3774, 3777, 3780, 3783, 3786, 3789, 3792, 3795, 3798, 3801, 3804, 3807, 3810, 3813, 3816, 3819, 3822, 3825, 3828, 3831, 3834, 3837, 3840, 3843, 3846, 3841, 3844, 3847, 3850, 3853, 3855, 3859, 3861, 3865, 3868, 3871, 3873, 3877, 3880, 3883, 3885, 3889, 3891, 3894, 3897, 3901, 3848, 3851, 3854, 3857, 3860, 3863, 3866, 3869, 3872, 3875, 3878, 3881, 3884, 3887, 3890, 3893, 3896, 3899, 3902, 3905, 3908, 3849, 3852, 3856, 3858, 3862, 3864, 3867, 3870, 3874, 3876, 3879, 3882, 3886, 3888, 3892, 3895, 3898, 3900, 3903, 3904, 3907, 3910, 3913, 3916, 3919, 3924, 3933, 3942, 3950, 3962, 3906, 3909, 3912, 3915, 3918, 3925, 3932, 3940, 3951, 3963, 3970, 3911, 3914, 3917, 3920, 3921, 3922, 3923, 3926, 3927, 3928, 3929, 3930, 3931, 3934, 3935, 3936, 3937, 3938, 3939, 3941, 3952, 3960, 3943, 3954, 3964, 3944, 3953, 3961, 3945, 3955, 3965, 3946, 3956, 3966, 3947, 3957, 3969, 3948, 3958, 3967, 3949, 3959, 3968
No matching scene found for sceneId: 3767
Available scene IDs: 3752, 3753, 3754, 3755, 3756, 3757, 3758, 3759, 3760, 3761, 3762, 3763, 3764, 3765, 3766, 3767, 3768, 3769, 3770, 3771, 3838, 3772, 3775, 3778, 3781, 3784, 3787, 3790, 3793, 3796, 3799, 3802, 3805, 3808, 3811, 3814, 3817, 3820, 3823, 3826, 3829, 3832, 3835, 3773, 3776, 3779, 3782, 3785, 3788, 3791, 3794, 3797, 3800, 3803, 3806, 3809, 3812, 3815, 3818, 3821, 3824, 3827, 3830, 3833, 3836, 3839, 3842, 3845, 3774, 3777, 3780, 3783, 3786, 3789, 3792, 3795, 3798, 3801, 3804, 3807, 3810, 3813, 3816, 3819, 3822, 3825, 3828, 3831, 3834, 3837, 3840, 3843, 3846, 3841, 3844, 3847, 3850, 3853, 3855, 3859, 3861, 3865, 3868, 3871, 3873, 3877, 3880, 3883, 3885, 3889, 3891, 3894, 3897, 3901, 3848, 3851, 3854, 3857, 3860, 3863, 3866, 3869, 3872, 3875, 3878, 3881, 3884, 3887, 3890, 3893, 3896, 3899, 3902, 3905, 3908, 3849, 3852, 3856, 3858, 3862, 3864, 3867, 3870, 3874, 3876, 3879, 3882, 3886, 3888, 3892, 3895, 3898, 3900, 3903, 3904, 3907, 3910, 3913, 3916, 3919, 3924, 3933, 3942, 3950, 3962, 3906, 3909, 3912, 3915, 3918, 3925, 3932, 3940, 3951, 3963, 3970, 3911, 3914, 3917, 3920, 3921, 3922, 3923, 3926, 3927, 3928, 3929, 3930, 3931, 3934, 3935, 3936, 3937, 3938, 3939, 3941, 3952, 3960, 3943, 3954, 3964, 3944, 3953, 3961, 3945, 3955, 3965, 3946, 3956, 3966, 3947, 3957, 3969, 3948, 3958, 3967, 3949, 3959, 3968
No matching scene found for sceneId: 3825
Available scene IDs: 3752, 3753, 3754, 3755, 3756, 3757, 3758, 3759, 3760, 3761, 3762, 3763, 3764, 3765, 3766, 3767, 3768, 3769, 3770, 3771, 3838, 3772, 3775, 3778, 3781, 3784, 3787, 3790, 3793, 3796, 3799, 3802, 3805, 3808, 3811, 3814, 3817, 3820, 3823, 3826, 3829, 3832, 3835, 3773, 3776, 3779, 3782, 3785, 3788, 3791, 3794, 3797, 3800, 3803, 3806, 3809, 3812, 3815, 3818, 3821, 3824, 3827, 3830, 3833, 3836, 3839, 3842, 3845, 3774, 3777, 3780, 3783, 3786, 3789, 3792, 3795, 3798, 3801, 3804, 3807, 3810, 3813, 3816, 3819, 3822, 3825, 3828, 3831, 3834, 3837, 3840, 3843, 3846, 3841, 3844, 3847, 3850, 3853, 3855, 3859, 3861, 3865, 3868, 3871, 3873, 3877, 3880, 3883, 3885, 3889, 3891, 3894, 3897, 3901, 3848, 3851, 3854, 3857, 3860, 3863, 3866, 3869, 3872, 3875, 3878, 3881, 3884, 3887, 3890, 3893, 3896, 3899, 3902, 3905, 3908, 3849, 3852, 3856, 3858, 3862, 3864, 3867, 3870, 3874, 3876, 3879, 3882, 3886, 3888, 3892, 3895, 3898, 3900, 3903, 3904, 3907, 3910, 3913, 3916, 3919, 3924, 3933, 3942, 3950, 3962, 3906, 3909, 3912, 3915, 3918, 3925, 3932, 3940, 3951, 3963, 3970, 3911, 3914, 3917, 3920, 3921, 3922, 3923, 3926, 3927, 3928, 3929, 3930, 3931, 3934, 3935, 3936, 3937, 3938, 3939, 3941, 3952, 3960, 3943, 3954, 3964, 3944, 3953, 3961, 3945, 3955, 3965, 3946, 3956, 3966, 3947, 3957, 3969, 3948, 3958, 3967, 3949, 3959, 3968
No matching scene found for sceneId: 3831
Available scene IDs: 3752, 3753, 3754, 3755, 3756, 3757, 3758, 3759, 3760, 3761, 3762, 3763, 3764, 3765, 3766, 3767, 3768, 3769, 3770, 3771, 3838, 3772, 3775, 3778, 3781, 3784, 3787, 3790, 3793, 3796, 3799, 3802, 3805, 3808, 3811, 3814, 3817, 3820, 3823, 3826, 3829, 3832, 3835, 3773, 3776, 3779, 3782, 3785, 3788, 3791, 3794, 3797, 3800, 3803, 3806, 3809, 3812, 3815, 3818, 3821, 3824, 3827, 3830, 3833, 3836, 3839, 3842, 3845, 3774, 3777, 3780, 3783, 3786, 3789, 3792, 3795, 3798, 3801, 3804, 3807, 3810, 3813, 3816, 3819, 3822, 3825, 3828, 3831, 3834, 3837, 3840, 3843, 3846, 3841, 3844, 3847, 3850, 3853, 3855, 3859, 3861, 3865, 3868, 3871, 3873, 3877, 3880, 3883, 3885, 3889, 3891, 3894, 3897, 3901, 3848, 3851, 3854, 3857, 3860, 3863, 3866, 3869, 3872, 3875, 3878, 3881, 3884, 3887, 3890, 3893, 3896, 3899, 3902, 3905, 3908, 3849, 3852, 3856, 3858, 3862, 3864, 3867, 3870, 3874, 3876, 3879, 3882, 3886, 3888, 3892, 3895, 3898, 3900, 3903, 3904, 3907, 3910, 3913, 3916, 3919, 3924, 3933, 3942, 3950, 3962, 3906, 3909, 3912, 3915, 3918, 3925, 3932, 3940, 3951, 3963, 3970, 3911, 3914, 3917, 3920, 3921, 3922, 3923, 3926, 3927, 3928, 3929, 3930, 3931, 3934, 3935, 3936, 3937, 3938, 3939, 3941, 3952, 3960, 3943, 3954, 3964, 3944, 3953, 3961, 3945, 3955, 3965, 3946, 3956, 3966, 3947, 3957, 3969, 3948, 3958, 3967, 3949, 3959, 3968
No matching scene found for sceneId: 3869
Available scene IDs: 3752, 3753, 3754, 3755, 3756, 3757, 3758, 3759, 3760, 3761, 3762, 3763, 3764, 3765, 3766, 3767, 3768, 3769, 3770, 3771, 3838, 3772, 3775, 3778, 3781, 3784, 3787, 3790, 3793, 3796, 3799, 3802, 3805, 3808, 3811, 3814, 3817, 3820, 3823, 3826, 3829, 3832, 3835, 3773, 3776, 3779, 3782, 3785, 3788, 3791, 3794, 3797, 3800, 3803, 3806, 3809, 3812, 3815, 3818, 3821, 3824, 3827, 3830, 3833, 3836, 3839, 3842, 3845, 3774, 3777, 3780, 3783, 3786, 3789, 3792, 3795, 3798, 3801, 3804, 3807, 3810, 3813, 3816, 3819, 3822, 3825, 3828, 3831, 3834, 3837, 3840, 3843, 3846, 3841, 3844, 3847, 3850, 3853, 3855, 3859, 3861, 3865, 3868, 3871, 3873, 3877, 3880, 3883, 3885, 3889, 3891, 3894, 3897, 3901, 3848, 3851, 3854, 3857, 3860, 3863, 3866, 3869, 3872, 3875, 3878, 3881, 3884, 3887, 3890, 3893, 3896, 3899, 3902, 3905, 3908, 3849, 3852, 3856, 3858, 3862, 3864, 3867, 3870, 3874, 3876, 3879, 3882, 3886, 3888, 3892, 3895, 3898, 3900, 3903, 3904, 3907, 3910, 3913, 3916, 3919, 3924, 3933, 3942, 3950, 3962, 3906, 3909, 3912, 3915, 3918, 3925, 3932, 3940, 3951, 3963, 3970, 3911, 3914, 3917, 3920, 3921, 3922, 3923, 3926, 3927, 3928, 3929, 3930, 3931, 3934, 3935, 3936, 3937, 3938, 3939, 3941, 3952, 3960, 3943, 3954, 3964, 3944, 3953, 3961, 3945, 3955, 3965, 3946, 3956, 3966, 3947, 3957, 3969, 3948, 3958, 3967, 3949, 3959, 3968
No matching scene found for sceneId: 3900
Available scene IDs: 3752, 3753, 3754, 3755, 3756, 3757, 3758, 3759, 3760, 3761, 3762, 3763, 3764, 3765, 3766, 3767, 3768, 3769, 3770, 3771, 3838, 3772, 3775, 3778, 3781, 3784, 3787, 3790, 3793, 3796, 3799, 3802, 3805, 3808, 3811, 3814, 3817, 3820, 3823, 3826, 3829, 3832, 3835, 3773, 3776, 3779, 3782, 3785, 3788, 3791, 3794, 3797, 3800, 3803, 3806, 3809, 3812, 3815, 3818, 3821, 3824, 3827, 3830, 3833, 3836, 3839, 3842, 3845, 3774, 3777, 3780, 3783, 3786, 3789, 3792, 3795, 3798, 3801, 3804, 3807, 3810, 3813, 3816, 3819, 3822, 3825, 3828, 3831, 3834, 3837, 3840, 3843, 3846, 3841, 3844, 3847, 3850, 3853, 3855, 3859, 3861, 3865, 3868, 3871, 3873, 3877, 3880, 3883, 3885, 3889, 3891, 3894, 3897, 3901, 3848, 3851, 3854, 3857, 3860, 3863, 3866, 3869, 3872, 3875, 3878, 3881, 3884, 3887, 3890, 3893, 3896, 3899, 3902, 3905, 3908, 3849, 3852, 3856, 3858, 3862, 3864, 3867, 3870, 3874, 3876, 3879, 3882, 3886, 3888, 3892, 3895, 3898, 3900, 3903, 3904, 3907, 3910, 3913, 3916, 3919, 3924, 3933, 3942, 3950, 3962, 3906, 3909, 3912, 3915, 3918, 3925, 3932, 3940, 3951, 3963, 3970, 3911, 3914, 3917, 3920, 3921, 3922, 3923, 3926, 3927, 3928, 3929, 3930, 3931, 3934, 3935, 3936, 3937, 3938, 3939, 3941, 3952, 3960, 3943, 3954, 3964, 3944, 3953, 3961, 3945, 3955, 3965, 3946, 3956, 3966, 3947, 3957, 3969, 3948, 3958, 3967, 3949, 3959, 3968
No matching scene found for sceneId: 3970
Available scene IDs: 3752, 3753, 3754, 3755, 3756, 3757, 3758, 3759, 3760, 3761, 3762, 3763, 3764, 3765, 3766, 3767, 3768, 3769, 3770, 3771, 3838, 3772, 3775, 3778, 3781, 3784, 3787, 3790, 3793, 3796, 3799, 3802, 3805, 3808, 3811, 3814, 3817, 3820, 3823, 3826, 3829, 3832, 3835, 3773, 3776, 3779, 3782, 3785, 3788, 3791, 3794, 3797, 3800, 3803, 3806, 3809, 3812, 3815, 3818, 3821, 3824, 3827, 3830, 3833, 3836, 3839, 3842, 3845, 3774, 3777, 3780, 3783, 3786, 3789, 3792, 3795, 3798, 3801, 3804, 3807, 3810, 3813, 3816, 3819, 3822, 3825, 3828, 3831, 3834, 3837, 3840, 3843, 3846, 3841, 3844, 3847, 3850, 3853, 3855, 3859, 3861, 3865, 3868, 3871, 3873, 3877, 3880, 3883, 3885, 3889, 3891, 3894, 3897, 3901, 3848, 3851, 3854, 3857, 3860, 3863, 3866, 3869, 3872, 3875, 3878, 3881, 3884, 3887, 3890, 3893, 3896, 3899, 3902, 3905, 3908, 3849, 3852, 3856, 3858, 3862, 3864, 3867, 3870, 3874, 3876, 3879, 3882, 3886, 3888, 3892, 3895, 3898, 3900, 3903, 3904, 3907, 3910, 3913, 3916, 3919, 3924, 3933, 3942, 3950, 3962, 3906, 3909, 3912, 3915, 3918, 3925, 3932, 3940, 3951, 3963, 3970, 3911, 3914, 3917, 3920, 3921, 3922, 3923, 3926, 3927, 3928, 3929, 3930, 3931, 3934, 3935, 3936, 3937, 3938, 3939, 3941, 3952, 3960, 3943, 3954, 3964, 3944, 3953, 3961, 3945, 3955, 3965, 3946, 3956, 3966, 3947, 3957, 3969, 3948, 3958, 3967, 3949, 3959, 3968
12:55:15 PM [express] POST /api/script-analysis/product_placement 200 in 7000ms :: {"success":true,"p…
12:55:16 PM [express] GET /api/projects/20/product-placements 200 in 78ms :: {"success":true,"product…
[Brandable Scenes] Identified 5 brandable scenes
12:55:30 PM [express] POST /api/script-analysis/identify_brandable_scenes 200 in 15261ms :: {"success…
